22 44

0
0
0
0
0
0
0
0
0
0.1
0.1
0.1
0.1
0.1
0.1
0.1
0.1
0.25
0.25
0.25
0.25
0.5


1 10 1
2 10 -0.75
4 10 -0.75
5 10 1
2 11 1
3 11 -0.75
5 11 -0.75
6 11 1
4 12 1
5 12 -0.75
7 12 -0.75
8 12 1
5 13 1
6 13 -0.75
8 13 -0.75
9 13 1

1 14 -0.75
2 14 1
4 14 1
5 14 -0.75
2 15 -0.75
3 15 1
5 15 1
6 15 -0.75
4 16 -0.75
5 16 1
7 16 1
8 16 -0.75
5 17 -0.75
6 17 1
8 17 1
9 17 -0.75

10 18 1
14 18 -0.75
11 19 -0.75
15 19 1
12 20 -0.75
16 20 1
13 21 1
17 21 -0.75

18 22 1
19 22 1
20 22 1
21 22 1